0  -3500  -3500  2734  0  0
1  -3500  -3000  2734  0  0
2  -3500  -2500  2734  0  0
3  -3500  -2000  2734  0  0
4  -3500  -1500  2734  0  0
5  -3500  -1000  2734  0  0
6  -3500  -500  2734  0  0
7  -3500  0  2734  0  0
8  -3500  500  2734  0  0
9  -3500  1000  2734  0  0
10  -3500  1500  2734  0  0
11  -3500  2000  2734  0  0
12  -3500  2500  2734  0  0
13  -3500  3000  2734  0  0
14  -3500  3500  2734  0  0
15  -3000  -3500  2734  0  0
16  -3000  -3000  2734  0  0
17  -3000  -2500  2734  0  0
18  -3000  -2000  2734  0  0
19  -3000  -1500  2734  0  0
20  -3000  -1000  2734  0  0
21  -3000  -500  2734  0  0
22  -3000  0  2734  0  0
23  -3000  500  2734  0  0
24  -3000  1000  2734  0  0
25  -3000  1500  2734  0  0
26  -3000  2000  2734  0  0
27  -3000  2500  2734  0  0
28  -3000  3000  2734  0  0
29  -3000  3500  2734  0  0
30  -2500  -3500  2734  0  0
31  -2500  -3000  2734  0  0
32  -2500  -2500  2734  0  0
33  -2500  -2000  2734  0  0
34  -2500  -1500  2734  0  0
35  -2500  -1000  2734  0  0
36  -2500  -500  2734  0  0
37  -2500  0  2734  0  0
38  -2500  500  2734  0  0
39  -2500  1000  2734  0  0
40  -2500  1500  2734  0  0
41  -2500  2000  2734  0  0
42  -2500  2500  2734  0  0
43  -2500  3000  2734  0  0
44  -2500  3500  2734  0  0
45  -2000  -3500  2734  0  0
46  -2000  -3000  2734  0  0
47  -2000  -2500  2734  0  0
48  -2000  -2000  2734  0  0
49  -2000  -1500  2734  0  0
50  -2000  -1000  2734  0  0
51  -2000  -500  2734  0  0
52  -2000  0  2734  0  0
53  -2000  500  2734  0  0
54  -2000  1000  2734  0  0
55  -2000  1500  2734  0  0
56  -2000  2000  2734  0  0
57  -2000  2500  2734  0  0
58  -2000  3000  2734  0  0
59  -2000  3500  2734  0  0
60  -1500  -3500  2734  0  0
61  -1500  -3000  2734  0  0
62  -1500  -2500  2734  0  0
63  -1500  -2000  2734  0  0
64  -1500  -1500  2734  0  0
65  -1500  -1000  2734  0  0
66  -1500  -500  2734  0  0
67  -1500  0  2734  0  0
68  -1500  500  2734  0  0
69  -1500  1000  2734  0  0
70  -1500  1500  2734  0  0
71  -1500  2000  2734  0  0
72  -1500  2500  2734  0  0
73  -1500  3000  2734  0  0
74  -1500  3500  2734  0  0
75  -1000  -3500  2734  0  0
76  -1000  -3000  2734  0  0
77  -1000  -2500  2734  0  0
78  -1000  -2000  2734  0  0
79  -1000  -1500  2734  0  0
80  -1000  -1000  2734  0  0
81  -1000  -500  2734  0  0
82  -1000  0  2734  0  0
83  -1000  500  2734  0  0
84  -1000  1000  2734  0  0
85  -1000  1500  2734  0  0
86  -1000  2000  2734  0  0
87  -1000  2500  2734  0  0
88  -1000  3000  2734  0  0
89  -1000  3500  2734  0  0
90  -500  -3500  2734  0  0
91  -500  -3000  2734  0  0
92  -500  -2500  2734  0  0
93  -500  -2000  2734  0  0
94  -500  -1500  2734  0  0
95  -500  -1000  2734  0  0
96  -500  -500  2734  0  0
97  -500  0  2734  0  0
98  -500  500  2734  0  0
99  -500  1000  2734  0  0
100  -500  1500  2734  0  0
101  -500  2000  2734  0  0
102  -500  2500  2734  0  0
103  -500  3000  2734  0  0
104  -500  3500  2734  0  0
105  0  -3500  2734  0  0
106  0  -3000  2734  0  0
107  0  -2500  2734  0  0
108  0  -2000  2734  0  0
109  0  -1500  2734  0  0
110  0  -1000  2734  0  0
111  0  -500  2734  0  0
112  0  0  2734  0  0
113  0  500  2734  0  0
114  0  1000  2734  0  0
115  0  1500  2734  0  0
116  0  2000  2734  0  0
117  0  2500  2734  0  0
118  0  3000  2734  0  0
119  0  3500  2734  0  0
120  500  -3500  2734  0  0
121  500  -3000  2734  0  0
122  500  -2500  2734  0  0
123  500  -2000  2734  0  0
124  500  -1500  2734  0  0
125  500  -1000  2734  0  0
126  500  -500  2734  0  0
127  500  0  2734  0  0
128  500  500  2734  0  0
129  500  1000  2734  0  0
130  500  1500  2734  0  0
131  500  2000  2734  0  0
132  500  2500  2734  0  0
133  500  3000  2734  0  0
134  500  3500  2734  0  0
135  1000  -3500  2734  0  0
136  1000  -3000  2734  0  0
137  1000  -2500  2734  0  0
138  1000  -2000  2734  0  0
139  1000  -1500  2734  0  0
140  1000  -1000  2734  0  0
141  1000  -500  2734  0  0
142  1000  0  2734  0  0
143  1000  500  2734  0  0
144  1000  1000  2734  0  0
145  1000  1500  2734  0  0
146  1000  2000  2734  0  0
147  1000  2500  2734  0  0
148  1000  3000  2734  0  0
149  1000  3500  2734  0  0
150  1500  -3500  2734  0  0
151  1500  -3000  2734  0  0
152  1500  -2500  2734  0  0
153  1500  -2000  2734  0  0
154  1500  -1500  2734  0  0
155  1500  -1000  2734  0  0
156  1500  -500  2734  0  0
157  1500  0  2734  0  0
158  1500  500  2734  0  0
159  1500  1000  2734  0  0
160  1500  1500  2734  0  0
161  1500  2000  2734  0  0
162  1500  2500  2734  0  0
163  1500  3000  2734  0  0
164  1500  3500  2734  0  0
165  2000  -3500  2734  0  0
166  2000  -3000  2734  0  0
167  2000  -2500  2734  0  0
168  2000  -2000  2734  0  0
169  2000  -1500  2734  0  0
170  2000  -1000  2734  0  0
171  2000  -500  2734  0  0
172  2000  0  2734  0  0
173  2000  500  2734  0  0
174  2000  1000  2734  0  0
175  2000  1500  2734  0  0
176  2000  2000  2734  0  0
177  2000  2500  2734  0  0
178  2000  3000  2734  0  0
179  2000  3500  2734  0  0
180  2500  -3500  2734  0  0
181  2500  -3000  2734  0  0
182  2500  -2500  2734  0  0
183  2500  -2000  2734  0  0
184  2500  -1500  2734  0  0
185  2500  -1000  2734  0  0
186  2500  -500  2734  0  0
187  2500  0  2734  0  0
188  2500  500  2734  0  0
189  2500  1000  2734  0  0
190  2500  1500  2734  0  0
191  2500  2000  2734  0  0
192  2500  2500  2734  0  0
193  2500  3000  2734  0  0
194  2500  3500  2734  0  0
195  3000  -3500  2734  0  0
196  3000  -3000  2734  0  0
197  3000  -2500  2734  0  0
198  3000  -2000  2734  0  0
199  3000  -1500  2734  0  0
200  3000  -1000  2734  0  0
201  3000  -500  2734  0  0
202  3000  0  2734  0  0
203  3000  500  2734  0  0
204  3000  1000  2734  0  0
205  3000  1500  2734  0  0
206  3000  2000  2734  0  0
207  3000  2500  2734  0  0
208  3000  3000  2734  0  0
209  3000  3500  2734  0  0
210  3500  -3500  2734  0  0
211  3500  -3000  2734  0  0
212  3500  -2500  2734  0  0
213  3500  -2000  2734  0  0
214  3500  -1500  2734  0  0
215  3500  -1000  2734  0  0
216  3500  -500  2734  0  0
217  3500  0  2734  0  0
218  3500  500  2734  0  0
219  3500  1000  2734  0  0
220  3500  1500  2734  0  0
221  3500  2000  2734  0  0
222  3500  2500  2734  0  0
223  3500  3000  2734  0  0
224  3500  3500  2734  0  0
